98304
98304
98304
98304
98304
98304
98304
98304
98304
98304
98304
98304
98304
98304
98304
98304
98304
98304
98304
98304
98304
98304
98304
98304
60501
98304
98304
98304
98304
98304
98304
98304
98304
98304
98304
98304
98304
98304
98304
98304
98304
98304
98304
98304
98304
98304
98304
98304
98304
98304
98304
98304
98304
98304
98304
98304
98304
98304
98304
98304
98304
98304
98304
98304
98304
98304
98304
98304
98304
98304
98304
98304
98304
98304
98304
98304
98304
98304
98304
98304
98304
98304
98304
98304
98304
98304
98304
98304
98304
98304
98304
98304
98304
98304
98304
98304
98304
98304
98304
98304
